"grdc_ids"	"basin_size"	"reservoir_area"	"water_stress"	"aridity"	"mean_precipitation_as_snow"	"globalLakes"	"globalWetlands"	"localLakes"	"localWetlands"	"open_water"	"wetland"	"lakes"	"global_waterbodies"	"local_waterbodies"	"batjes"	"mean_temperature"	"sum_precipitation"
"1"	"X4119327"	3257.71100616455	0	0.770721223112419	0.751815815757632	0.154683823475185	0	0	0.15981844149226	0	0.15981844149226	0	0.15981844149226	0	0.15981844149226	145.012034205661	11.1875915958175	1098.15631853152
"2"	"X4145900"	10268.5293655396	15	0.093570859991329	0.78973217577572	0.0423655836143374	0.153332543844146	0	0.123148141961397	0.471334291680422	0.747814977485965	0.471334291680422	0.276480685805543	0.153332543844146	0.594482433641819	147.586565537559	9.72558413398765	1075.8732215189
"4"	"X4149420"	9763.48114013672	0	0.0287646981566412	0.967713656258589	0.001052086855326	0.0597529473267178	0	0.0971541064874398	17.3404876007936	17.4973946546078	17.3404876007936	0.156907053814158	0.0597529473267178	17.4376417072811	112.33238212295	18.8374420983897	1540.57616482134
"5"	"X4356280"	9729.81411743164	12	0.214306185676737	0.540390904850677	0	0.123836027375499	0	0.0082401881469413	0	0.132076215522441	0	0.132076215522441	0.123836027375499	0.0082401881469413	158.30082579478	21.0438090894121	847.83836196778
"6"	"X4145700"	9476.68437957764	2	0.0431810580240508	1.02656379917237	0.0393449470187346	0.039554107538718	0	0.164405560143672	0.222648969000155	0.426608636682545	0.222648969000155	0.20395966768239	0.039554107538718	0.387054529143827	148.922226918285	10.0433305888489	1251.39608963481
"7"	"X4148230"	9359.19532775879	44	0.180331484020734	0.827652196872944	0.024469054355042	1.03652827078397	0	0.458634910603076	0	1.49516318138705	0	1.49516318138705	1.03652827078397	0.458634910603076	124.485963548004	15.2046954550713	1227.69067256735
"8"	"X4146180"	9055.25214385986	7	0.0191706261700132	1.02448384225911	0.000741428858264553	0.0801985392734063	0	0.029179740108504	0	0.10937827938191	0	0.10937827938191	0.0801985392734063	0.029179740108504	138.002402861241	11.7178121627949	1412.35136056571
"9"	"X4145080"	8932.07804489136	61	0.0368077809201781	1.78604738439936	0.234746031698195	1.44879549972599	0.875567408358156	0.196219891659299	2.40136797051773	4.92195077026117	3.27693537887589	1.64501539138529	2.32436290808414	2.59758786217703	209.789795187768	4.92694187772164	1719.92609393946
"11"	"X4236600"	8829.55893707275	0	0.0837293473798872	1.08274659486687	0.246282812964274	4.75484124018576	0	3.07116406620309	0	7.82600530638885	0	7.82600530638885	4.75484124018576	3.07116406620309	112.09891867683	6.00568151257322	1010.84126090972
"13"	"X4147110"	8146.68902587891	153	0.0409903560245367	1.26786656489736	0.30956304907768	2.35746866174237	0	1.76293360458466	14.5852368859253	18.7056391522523	14.5852368859253	4.12040226632703	2.35746866174237	16.34817049051	134.052035745506	4.47592270541584	1287.34394339034
"16"	"X4214470"	7995.16339492798	0	0.000380731342213023	0.966913958823277	0.461138877520398	2.20535241205867	0	8.17775735151059	66.7417972307518	77.124906994321	66.7417972307518	10.3831097635693	2.20535241205867	74.9195545822624	160	-1.28933228432074	662.364337404565
"18"	"X4148955"	7408.0913772583	231	0.343222722843334	0.684439767343722	0	6.2123186315983	0	3.17680211452488	31.3161666782285	40.7052874243517	31.3161666782285	9.38912074612317	6.2123186315983	34.4929687927534	160.069545247443	22.8652187668022	1387.3424804392
"19"	"X4127700"	7388.13185882568	0	0.0671604039983985	0.954390708122913	0.00619054707641874	0	0	0.00963407318651514	6.10188763434758	6.1115217075341	6.10188763434758	0.00963407318651514	0	6.1115217075341	130.896798272368	17.7224651919416	1480.20101573868
"20"	"X4148310"	7316.53419494629	3	0.159178163747384	0.800341143060486	0.0127887485218552	0.0286376152762862	0	0	37.8884106477675	37.9170482630437	37.8884106477675	0.0286376152762862	0.0286376152762862	37.8884106477675	118.199480841759	16.777268398784	1263.06497211548
"21"	"X4148610"	6957.31587219238	0	0.284255184249577	0.754815073481154	0.00384183685983168	0	0	0	18.4121716540526	18.4121716540526	18.4121716540526	0	0	18.4121716540526	115.136083030608	17.8472421896846	1211.07208416842
"22"	"X4148570"	6916.35037231445	0	0.132167146319529	0.771960802009544	0.00576873922163949	0	0	0	36.0422650850937	36.0422650850937	36.0422650850937	0	0	36.0422650850937	119.45669593248	17.8762204672019	1222.91477894459
"23"	"X4148750"	6711.07009887695	0	0.225259228092689	0.791839824707236	0.000668299689189182	0	0	0.0326531673911693	36.4311420969495	36.4637952643407	36.4311420969495	0.0326531673911693	0	36.4637952643407	151	18.967537613839	1295.28902981945
"26"	"X4126100"	6571.10777282715	76	0.0213571697762661	0.870042869369627	0.0173320077036538	1.03287703436628	0	0.204401913590279	0.884766853161183	2.12204580111774	0.884766853161183	1.23727894795656	1.03287703436628	1.08916876675146	129.778925011861	16.686257137985	1411.1089031974
"27"	"X4356300"	6534.97454833984	6	0.180390568712539	0.501110700323614	0	0.0989611019426226	0	0	0	0.0989611019426226	0	0.0989611019426226	0.0989611019426226	0	158.350073188302	22.3155559773674	847.089569732508
"28"	"X4243360"	6231.93955993652	0	0.00551131410007296	1.39147714571	0.317843098454455	0	0	0.995699575142664	1.25863795951324	2.2543375346559	1.25863795951324	0.995699575142664	0	2.2543375346559	143.349653022373	3.9845564518813	1191.32436991002
"29"	"X4214690"	5973.08837509155	0	0.00272806545870938	1.11196989089741	0.447797289842843	0	0	3.86229393458589	64.7498162718449	68.6121102064308	64.7498162718449	3.86229393458589	0	68.6121102064308	271.367823354814	-1.2738899972302	823.44691260065
"30"	"X4102850"	5780.5492401123	0	0.0170154869397001	1.56925545630619	0.366815562460398	2.70111286583711	0	1.65946684310275	1.25390626753942	5.61448597647928	1.25390626753942	4.36057970893986	2.70111286583711	2.91337311064217	132.443269364035	1.08189322073149	1160.98024288404
"31"	"X4214290"	4127.60772705078	0	0.000749881114599289	0.650319060081206	0.484118156103841	1.40065898596302	0	7.20523293213593	1.01618365742242	9.62207557552136	1.01618365742242	8.60589191809895	1.40065898596302	8.22141658955834	169	-1.32116201820237	537.468716655657
"32"	"X4150331"	5582.00219726562	35	0.766386689871732	0.391332953679318	0.00346554553518977	0.640137516461007	0	0.48038491365486	0	1.12052243011587	0	1.12052243011587	0.640137516461007	0.48038491365486	145.422786368541	20.772872846545	844.055117672553
"33"	"X4126750"	5508.87413024902	4	0.114561605597076	0.913532598672051	0.0137969674823992	0.15309509338674	0	0.280921326182211	0	0.434016419568951	0	0.434016419568951	0.15309509338674	0.280921326182211	124.827659805987	17.3147204627453	1431.05529205883
"34"	"X4147651"	5209.78234100342	6	0.428081387807793	0.967827275804521	0.109571833486045	0.137310204273916	0	0.601169804041622	0	0.738480008315538	0	0.738480008315538	0.137310204273916	0.601169804041622	138.516453062983	10.7741364599606	1304.2674740647
"35"	"X4214420"	5083.25866699219	0	0.000396245501498827	0.985083124275252	0.438070271483288	0	0	5.97063915763763	41.8821158877126	47.8527550453502	41.8821158877126	5.97063915763763	0	47.8527550453502	97.6419451201436	-0.176651790798539	787.247174940544
"36"	"X4356050"	5022.49882507324	0	0.146934969414866	0.597034178883614	0	0	0	0.0311861102617885	0	0.0311861102617885	0	0.0311861102617885	0	0.0311861102617885	119.223047185415	18.4305068021535	1090.16522620626
"37"	"X4146270"	4986.0739364624	26	0.250140209919392	0.724907077677945	0.0586543641521613	0.599960216648517	0	0.506391205560547	0.811419140856829	1.91777056306589	0.811419140856829	1.10635142220906	0.599960216648517	1.31781034641738	138.992370966485	11.2039384994061	1284.35231072656
"38"	"X4244770"	4917.99088668823	0	0.00344961868316291	1.8054374785233	0.278059097248639	2.18222377596573	0.0798881090595394	2.48492703314916	12.4578706477244	17.2049095658988	12.5377587567839	4.66715080911488	2.26211188502526	14.9427976808735	164	4.10447969490708	1369.36624654028
"40"	"X4147950"	4685.52057647705	2	0.388282359129896	0.844067061493947	0.0448514164502317	0.200396346404436	0.0858959186823151	0.114516624340227	0	0.400808889426978	0.0858959186823151	0.314912970744663	0.286292265086751	0.114516624340227	124.053173896172	13.5785630988802	1180.42136270881
"41"	"X4244880"	4583.25332641602	0	0.0135907974698101	1.42150223274727	0.313201213958239	0	0	0.192208355088585	0	0.192208355088585	0	0.192208355088585	0	0.192208355088585	151.599542762682	3.86962510268928	1255.80412315436
"42"	"X4145190"	4431.14498901367	16	0.0730602419153134	2.1737690810889	0.0603023280134187	0.40265193122669	0	0.714463457718273	20.0254274345937	21.1425428235387	20.0254274345937	1.11711538894496	0.40265193122669	20.739890892312	210.441799397201	8.50295000979478	2144.08626338698
"44"	"X4147490"	4064.41002655029	1	0.288043502226838	1.13621535082111	0.16820050289957	0.31431900620207	0	0.9218590720017	25.9375606102833	27.1737386884871	25.9375606102833	1.23617807820377	0.31431900620207	26.859419682285	138.373362639517	8.99613913394793	1361.97300905144
"46"	"X4131500"	3900.18466186523	293	0.0182999596904862	1.16849296181051	0.26411060825321	7.59974229047257	0	4.52415737601035	24.9882278802967	37.1121275467796	24.9882278802967	12.1238996664829	7.59974229047257	29.5123852563071	160.366006788932	5.26238806163711	1228.41534382066
"47"	"X4149950"	3858.2130279541	18	0.404194783476605	0.702024739207755	0	0.998021135688828	0	3.05314336459529	35.2620857737924	39.3132502740765	35.2620857737924	4.05116450028412	0.998021135688828	38.3152291383877	127.892914170464	22.7717163232741	1372.70454145661
"49"	"X4146210"	3596.8966293335	14	0.172852337766529	0.65829584260076	2.63296456598137e-06	0.425031038390967	0	0.129422373224141	0	0.554453411615108	0	0.554453411615108	0.425031038390967	0.129422373224141	134.79650766466	13.9007903605217	1148.58322004
"50"	"X4214610"	3530.9560585022	0	0.00999963324564653	1.22141300427695	0.375429219471781	4.48141357456766	0	3.64032476236752	26.7661701522326	34.8879084891678	26.7661701522326	8.12173833693518	4.48141357456766	30.4064949146001	169.407830402607	1.65288956140946	1002.26643858829
"51"	"X4148060"	3466.58659362793	0	0.143069798207	0.843824711565052	0.0456301740212827	0.019595499760485	0	0.117703503837968	0.196432817080335	0.333731820678789	0.196432817080335	0.137299003598453	0.019595499760485	0.314136320918304	122.294170492797	14.5042353744929	1166.29443447008
"52"	"X4127941"	3447.95906829834	0	0.00283725192410984	1.06506350782424	0.00153468686782907	0	0	0	34.7240684284182	34.7240684284182	34.7240684284182	0	0	34.7240684284182	132	19.5699525223371	1668.52452156451
"54"	"X4149110"	3291.7473526001	0	0.0556794689819989	1.06355649754014	0.00154084316579571	0	0	0.0666306276037119	38.950310966769	39.0169415943727	38.950310966769	0.0666306276037119	0	39.0169415943727	128.819636900604	18.9956366161237	1643.93327518896
"55"	"X4244850"	3279.36099243164	0	0.0134551187627892	1.36355938933723	0.359166452648083	0	0	0.156594287386486	0	0.156594287386486	0	0.156594287386486	0	0.156594287386486	147.572926456238	2.45420938003936	1142.312766829
"56"	"X4358110"	3197.29644012451	0	1.96466530535729	0.317024517152803	1.61706842180125e-05	0	0	0	0	0	0	0	0	0	88.0752649950478	18.3844017283122	716.759025504677
"57"	"X4145160"	2928.83245849609	0	0.0519969411358584	1.92841528169921	0.00640553975134482	0	0	0.0397783073814189	5.13902553351456	5.17880384089598	5.13902553351456	0.0397783073814189	0	5.17880384089598	151.94724058111	10.0262717189777	1667.2571949306
"58"	"X4214040"	87527.0988197327	3235	0.000321312041223707	1.50480621766967	0.546626876666299	6.32273715149285	10.1977159895777	7.49388776578834	8.04493369477773	32.0592746016366	18.2426496843554	13.8166249172812	16.5204531410705	15.5388214605661	94.6033415704945	-4.53895191564332	935.218188840447
"59"	"X4151805"	3516.11420440674	4	1.01333611401809	0.677096858192314	0.545488953419308	0.192138100939301	0	0.307559179682812	2.03667043544924	2.53636771607135	2.03667043544924	0.499697280622112	0.192138100939301	2.34422961513205	116.250032987489	-0.504455830843469	629.247059623025
"60"	"X4147710"	4342.70664978027	6	0.26740021443354	1.07293426739535	0.213058654512924	0.145122377799105	0	0.173817406920361	9.13541278864886	9.45435257336833	9.13541278864886	0.318939784719466	0.145122377799105	9.30923019556922	161.657271672364	7.9950198202216	1246.37022693137
"61"	"X4149405"	4342.23194122314	25	0.0880126490877998	1.02200571490185	0.00464182810629785	0.197382826986848	0	0.0491283535334426	0	0.24651118052029	0	0.24651118052029	0.197382826986848	0.0491283535334426	128.806012193465	16.2519951175772	1391.8827974522
"65"	"X4204010"	9286.48867416382	0	0.000141503880456519	1.89054911720408	0.422613639215205	0.363781677185216	0.333466537419781	0.841538100186028	0	1.53878631479103	0.333466537419781	1.20531977737124	0.697248214604998	0.841538100186028	109.296854059466	0.196500657568443	1045.06836112449
"66"	"X4102450"	4957.8588218689	0	0.00131198281959396	1.02119672270574	0.545494339238438	0	0	0.175723640497454	0.0237833927115924	0.199507033209046	0.0237833927115924	0.175723640497454	0	0.199507033209046	138.73663791045	-3.12491476256346	674.999489769327
"67"	"X4149410"	40892.4789962769	135	0.0465574414239171	0.987331885068138	0.00644959007688561	0.343184423059955	0	0.294594741566492	1.86887901937679	2.50665818400323	1.86887901937679	0.637779164626447	0.343184423059955	2.16347376094328	130.002742882412	17.1496477477542	1476.25542080831
"68"	"X4150605"	5499.65003204346	154	0.341815334430161	0.522838039409161	0.018686498330854	2.86054010680492	0	0.195560990181913	0.377179449738296	3.43328054672513	0.377179449738296	3.05610109698683	2.86054010680492	0.57274043992021	142.177930504331	18.1989248039368	1042.72414145049
"69"	"X4203790"	3171.04716110229	0	0.000232890260441859	0.817645336465551	0.558550782760224	0	0	1.2578994050709	0	1.2578994050709	0	1.2578994050709	0	1.2578994050709	101.48108229958	-3.70327620799365	575.19719948436
"71"	"X4231620"	4478.26219177246	9	0.0253850357708603	1.40127594198679	0.334212086475994	0.207146071225936	0	0.896147013688912	0	1.10329308491485	0	1.10329308491485	0.207146071225936	0.896147013688912	164	3.18793553895174	1213.35956572748
"73"	"X4214430"	4182.35638427734	0	0.000696213912423509	1.00684986535098	0.453931295430668	0	0	2.91835952859073	50.6082863321562	53.5266458607469	50.6082863321562	2.91835952859073	0	53.5266458607469	124.761364979462	-0.682265961015378	744.005031776256
"74"	"X4148720"	35496.5445861816	126	0.203033342483409	0.774252391177041	0.00273270298224379	0.44463130769892	0	0.207669786331303	5.03183853384242	5.68413962787265	5.03183853384242	0.652301094030223	0.44463130769892	5.23950832017373	120.276168585756	17.8500286242455	1260.72315648455
"75"	"X4133701"	3189.56400680542	0	0.139868989531808	0.803100081542277	0.268690354590408	0.938482741362423	0	0.806403056924497	24.5933008727748	26.3381866710617	24.5933008727748	1.74488579828692	0.938482741362423	25.3997039296993	158.804009697272	6.91197931311194	960.906083902876
"76"	"X4147907"	4358.31903076172	0	0.296379496738143	0.83184263666736	0.0577570828233132	0	0	0	0	0	0	0	0	0	133.548512265635	12.293174855087	1124.95488680796
"77"	"X4214900"	29872.4493141174	0	2.09986430201206e-05	1.34174600791328	0.570572377610864	3.05334953352867	0.293290394770103	8.1365337228003	16.8035804570616	28.2867541081607	17.0968708518317	11.189883256329	3.34663992829878	24.9401141798619	202.100386563758	-5.15056135747242	745.573119543312
"79"	"X4148655"	3467.66901397705	0	0.16655311213388	0.86296656837904	0.00496543658036783	0	0	0	0	0	0	0	0	0	130.511218631304	16.7663042042565	1278.7083887345
"80"	"X4115210"	3024.00119018555	0	0.0417099132685158	0.826935031578709	0.103707700770137	0	0	0.0978686436963247	0.643437133576648	0.741305777272973	0.643437133576648	0.0978686436963247	0	0.741305777272973	202.906826265363	7.57171563078872	727.147739972898
"81"	"X4101900"	24396.7317695618	0	0.0047346396936156	0.516653094497862	0.605872042719149	0.361081861871487	0.416419749083405	0.757384168376939	31.8675875383941	33.4024733177259	32.2840072874775	1.11846603024843	0.777501610954891	32.624971706771	174.771242156483	-7.79082470466672	437.064304697765
"82"	"X4148325"	3702.49922943115	0	0.16677049937189	0.815550613032018	0.0159890774368296	0.112832432235884	0	0	0	0.112832432235884	0	0.112832432235884	0.112832432235884	0	123.605489597471	16.0532055312944	1205.82541295655
"83"	"X4148091"	8042.36701202393	81	0.154276490099537	0.828708433739923	0.0432249499712155	1.02607899473007	0	0	0.203435336431159	1.22951433116123	0.203435336431159	1.02607899473007	1.02607899473007	0.203435336431159	123.423277104033	13.7374102838852	1158.67430988903
"84"	"X4243240"	21810.1909751892	126	0.1164239634396	1.11630911052199	0.266992731229469	5.47817104630344	0.151494848628858	0.802338832260727	20.4170731334289	26.8490778606219	20.5685679820577	6.28050987856417	5.6296658949323	21.2194119656896	142.294834533597	6.04655531639704	1171.57346847591
"85"	"X4147501"	7367.36721801758	123	0.222027580165398	1.25410723687209	0.275862119428716	2.68160858073083	0.370892626024512	1.47766734850123	32.9533975704687	37.4835661257253	33.3242901964932	4.15927592923206	3.05250120675534	34.4310649189699	149.664604577701	5.65449809968352	1269.50802684607
"87"	"X4214515"	21053.7939186096	1016	0.0137220576825182	1.12287999471065	0.393243139997527	5.65848595586439	0.32980899592849	1.00887143583807	58.4663564876377	65.4635228752687	58.7961654835662	6.66735739170247	5.98829495179288	59.4752279234758	157.354991407459	1.36156957265927	883.472088985395
"88"	"X4214530"	9000.9903678894	0	0.00417780762855395	1.07876697316405	0.410625796216916	0.958492130377707	0	1.52847599902242	53.8511665005172	56.3381346299174	53.8511665005172	2.48696812940013	0.958492130377707	55.3796424995397	97.6644154790742	1.20254373087811	903.047577088286
"89"	"X4149300"	18532.5254364014	14	0.0408528124230039	1.00432820532086	0.00224055499419614	0.0778056282120793	0	0.117580687268699	20.1789153317877	20.3743016472684	20.1789153317877	0.195386315480778	0.0778056282120793	20.2964960190564	131.806821941346	18.4255416618061	1542.51970176777
"90"	"X4206100"	18194.3205337524	0	0.000205229507439787	1.69592353101292	0.354376494648848	0	0.255952560487318	1.16488879249909	0	1.42084135298641	0.255952560487318	1.16488879249909	0.255952560487318	1.16488879249909	112.961165536477	1.60992524917829	1497.30741572101
"91"	"X4243580"	18019.2754516602	549	0.000650725298556275	1.57180608429303	0.469392574500009	5.04068636556694	0.931508010056736	3.82766098094777	1.32525601949646	11.1251113760679	2.25676402955319	8.8683473465147	5.97219437562367	5.15291700044422	105.478632969837	-1.46555524402735	1051.37483567753
"92"	"X4207100"	3566.57085037231	0	0.00743659042586765	0.797385781517281	0.324826765726357	5.92884908963692	0	3.00092958469819	0	8.9297786743351	0	8.9297786743351	5.92884908963692	3.00092958469819	134.943848906489	2.66918861443427	609.607824938563
"93"	"X4209600"	17742.2901611328	0	0	0.51213549468323	0.688689892877453	0	0	6.33737098402584	0	6.33737098402584	0	6.33737098402584	0	6.33737098402584	108	-12.4471235371873	248.710673315625
"94"	"X4148050"	17500.3271713257	17	0.149459825653124	0.855919828916758	0.0515809579479013	0.61078730146491	0.560843580123794	0.0578898012484537	0.0928125749504518	1.32233325778761	0.653656155074246	0.668677102713363	1.1716308815887	0.150702376198906	124.519249882728	13.0729086414818	1157.05337918393
"95"	"X4147601"	8928.87218093872	64	0.429816653316516	1.13331105259329	0.192564902907328	0.756429348907571	0	1.45098781607001	28.5699927040232	30.7774098690008	28.5699927040232	2.20741716497758	0.756429348907571	30.0209805200932	162.257378836548	8.23478885739117	1311.98191154674
"96"	"X4150310"	14928.3524932861	30	0.822649439662203	0.471507134254882	0.00440835062170992	0.213606913083825	0	0.188827967858508	0	0.402434880942333	0	0.402434880942333	0.213606913083825	0.188827967858508	141.636013498595	20.2575556349181	927.833096578457
"97"	"X4126701"	14141.9889297485	236	0.111045408518039	0.94884833988253	0.012453559469783	1.7041940980601	0	0.384755634971118	1.19619598500905	3.28514571804027	1.19619598500905	2.08894973303122	1.7041940980601	1.58095161998017	122.49421996224	17.1876758726721	1449.78646502897
"99"	"X4136400"	13891.1387176514	664	0.301639630342521	0.974578395169783	0.197606221650534	6.20867947317054	0	0.983326086588516	25.1653133004156	32.3573188601746	25.1653133004156	7.19200555975906	6.20867947317054	26.1486393870041	140.846299820203	8.32126055946183	1178.70832623727
"100"	"X4149121"	13405.0435409546	89	0.0548590386252321	0.972620220272837	0.00446848773377518	0.678021587715191	0	0.059275592895981	15.7268806020373	16.4641777826484	15.7268806020373	0.737297180611172	0.678021587715191	15.7861561949332	135.694338184151	17.8532539519892	1488.80027777645
"101"	"X4147380"	12666.0377388	253	0.276744179152523	1.09378028901104	0.199894997383243	2.32543996796228	0	1.07331243133428	32.1820031300983	35.5807555293948	32.1820031300983	3.39875239929656	2.32543996796228	33.2553155614325	135.930825711077	7.6728749260977	1294.32479635733
"103"	"X4119283"	3298.00938796997	0	0.42092678896692	0.678830292047255	0.290970805615355	0	0	0.63920047305165	8.98401951524166	9.62321998829331	8.98401951524166	0.63920047305165	0	9.62321998829331	159	7.83974593162567	932.093806088245
"105"	"X4214400"	5311.78439331055	0	0.000414729923874891	0.961273165639163	0.412079017326146	9.48517240813303	0	8.70728410633048	22.0526643184203	40.2451208328838	22.0526643184203	18.1924565144635	9.48517240813303	30.7599484247508	96	0.758805853649207	783.187183423651
"108"	"X4209805"	66945.6840934753	0	2.4084140181379e-05	0.545284164760369	0.680879398815463	4.62795041524831	0.201606969621572	7.9449739789309	0.00109437380769987	12.7756257376085	0.202701343429271	12.5729243941792	4.82955738486988	7.9460683527386	108	-11.9728896366837	333.815538288715
"109"	"X4208376"	3495.38467407227	0	0.0186656308038	0.466926378247203	0.556288903438845	4.80832971186151	0	12.9709091443258	8.66140285937882	26.4406417155662	8.66140285937882	17.7792388561874	4.80832971186151	21.6323120037047	120	-6.0637393985014	369.773324391736
"111"	"X4147701"	6184.03972244263	16	0.285853475053046	1.0769798414772	0.219308335528661	0.274106314839826	0	0.295112289707366	12.5176426144729	13.08686121902	12.5176426144729	0.569218604547191	0.274106314839826	12.8127549041802	161.074402362685	7.63722713577927	1266.41328678122
"112"	"X4149441"	9585.75429534912	46	0.0970560261435647	1.06032346427529	0.00861287705484654	0.486479974375083	0	0.16914172062842	0	0.655621695003504	0	0.655621695003504	0.486479974375083	0.16914172062842	127.248385911308	15.4937181501866	1430.15119869484
"114"	"X4149670"	10002.6053161621	136	0.176848424194052	0.990740169133764	0.00639328931320213	1.97226585828068	0	0.0426468199106976	0	2.01491267819138	0	2.01491267819138	1.97226585828068	0.0426468199106976	127.484049246923	16.155578478195	1448.54046366219
"115"	"X4204100"	28766.0014762878	0	0.000181114397257052	0.935057828309085	0.49517136035354	0	0	0.710795749096206	0	0.710795749096206	0	0.710795749096206	0	0.710795749096206	104.719911300997	-1.86421786209319	491.099075198916
"116"	"X4102820"	15636.9609794617	0	0.00179508256163661	0.716845852389117	0.563169536097801	0.674248543790331	0.487485439914705	1.26279367546225	3.45823524849526	5.88276290766255	3.94572068840996	1.93704221925258	1.16173398370504	4.72102892395751	191.388464580248	-4.28603642675393	584.865784089564
"121"	"X4231200"	14718.9140052795	0	0.0267744371958016	1.31499271683645	0.342312929368997	0	0	1.60143617419059	14.5350533660955	16.1364895402861	14.5350533660955	1.60143617419059	0	16.1364895402861	163.487746776489	3.33986320689539	1131.88626068284
"123"	"X4133250"	3266.13272857666	0	0.491816927375958	0.770745806966753	0.259170777968316	1.94546212418954	0	1.41610724426912	42.0253101768864	45.3868795453451	42.0253101768864	3.36156936845866	1.94546212418954	43.4414174211555	134.812554927627	7.51796209996712	928.811471025332
"124"	"X4147901"	11525.3513946533	7	0.308494769868813	0.855366805331437	0.0828730146755785	0.0688462058914741	0	0	0.534901376926898	0.603747582818372	0.534901376926898	0.0688462058914741	0.0688462058914741	0.534901376926898	137.054969023822	10.8794699524282	1075.39156815347
"125"	"X4147460"	14060.7533302307	132	0.155346365233765	1.15684312200795	0.192063899064755	1.15211844342468	0.355457229383879	0.899380527467593	24.2217031432328	26.628659343509	24.5771603726167	2.05149897089228	1.50757567280856	25.1210836707004	145.359926478618	8.03804497496747	1300.62910381006
"126"	"X4116325"	3063.14135360718	0	0.0598919467880909	0.453353791534726	0.252819246358492	0	0	0.0192240225939111	0.730659702069055	0.749883724662966	0.730659702069055	0.0192240225939111	0	0.749883724662966	204	5.83541221458562	850.102416063076
"127"	"X4148321"	5931.26464080811	5	0.16520552828051	0.921201800790538	0.0329549308826028	0.093127260408761	0.093262958784203	0.186439548855016	0	0.37282976804798	0.093262958784203	0.279566809263777	0.186390219192964	0.186439548855016	124.116186676556	13.884127030936	1261.20153834609
"129"	"X4152301"	7098.65026092529	5	0.227797718501432	0.168437587314423	0.253741089191069	0.093150438683264	0	0.0837085306165206	0	0.176858969299785	0	0.176858969299785	0.093150438683264	0.0837085306165206	108.190198658275	7.70691177612686	323.575879915956
"131"	"X4207220"	3974.10109710693	0	0.00296331830072123	0.7360126182533	0.304854924471897	0	0	2.55195489152109	0	2.55195489152109	0	2.55195489152109	0	2.55195489152109	136.174057859353	2.77343265715372	615.613641211208
"133"	"X4125915"	3302.76540374756	2	0.25451461766	0.804702693940846	0.0304898223671206	0.0835100494451991	0	0.18783641121497	0	0.271346460660169	0	0.271346460660169	0.0835100494451991	0.18783641121497	125.010440384155	15.2673401055822	1270.21022013378
"134"	"X4243050"	52093.1109313965	982	0.0159317270251495	1.18495946907325	0.351552940599742	3.88009224664544	0.0766346711214288	3.86837665760828	10.8835119905704	18.7086155659455	10.9601466616918	7.74846890425371	3.95672691776687	14.7518886481787	133.396827824018	2.65979991373411	970.766508505133
"135"	"X4214507"	10977.2449645996	0	0.00024899267105879	0.979112128883752	0.429411514437946	5.2610296213845	0	9.86199503921524	17.1742418508938	32.2972665114936	17.1742418508938	15.1230246605997	5.2610296213845	27.0362368901091	99.945020500185	0.323367769235019	770.63948842303
"137"	"X4208580"	3826.45710372925	0	0.0136296655775334	0.568247564815967	0.384521361208379	0	0	0.0765332495178506	0	0.0765332495178506	0	0.0765332495178506	0	0.0765332495178506	159	1.71813570859598	491.166400707724
"139"	"X4147715"	6403.94929885864	7	0.265318196791956	0.884493923887719	0.215741378172239	0.286433407538936	0	0.17791224725193	0.522246774285009	0.986592429075875	0.522246774285009	0.464345654790866	0.286433407538936	0.700159021536939	162.940236612641	7.44969723680786	1007.87663781108
"145"	"X4135210"	3485.38969421387	0	0.502271386394184	0.816644578596324	0.147289427052774	0	0	0.14741881304456	0	0.14741881304456	0	0.14741881304456	0	0.14741881304456	133.655656064004	10.0965840279972	1064.21136634384
"147"	"X4152900"	7408.38455200195	0	0.219825002880867	0.226816232939926	0.131638494611161	0	0	0	0	0	0	0	0	0	123.601824652948	9.92689680534624	505.163732148911
"148"	"X4207300"	6499.16639709473	0	0.00392519318612472	0.751500656258091	0.436609923224378	2.73726137854091	0	1.57493192844375	0	4.31219330698466	0	4.31219330698466	2.73726137854091	1.57493192844375	129.081627757512	1.13434429582668	525.021921068796
"158"	"X4147726"	7662.91845321655	8	0.260786036487477	1.01710522161866	0.173213088052339	0.118298713832232	0	0.0929201972396197	0.415050899632099	0.626269810703951	0.415050899632099	0.211218911071852	0.118298713832232	0.507971096871719	159.837673024441	8.75822881071817	1188.31816128868
"164"	"X4133751"	3531.43492889404	2	0.986627204629772	0.762874688604156	0.186771822599761	0.0718113751470846	0	0.608974775866824	26.0018835381052	26.6826696891191	26.0018835381052	0.680786151013909	0.0718113751470846	26.610858313972	134.384142257881	8.92429457078904	975.160586405356
"165"	"X4116311"	3221.18625640869	0	0.0598658424364739	0.604800276824992	0.225643642011766	0	0	0	1.92094038515319	1.92094038515319	1.92094038515319	0	0	1.92094038515319	204	6.40669681444122	1002.61496574343
"166"	"X4152200"	7583.9719619751	0	0.319746977314433	0.22269178858488	0.0720802299129028	0	0	0	0	0	0	0	0	0	107.678905431709	11.5281911293237	460.88279654736
"167"	"X4207810"	7287.66115570068	0	0.0292011936299602	0.541211604212051	0.285177876198388	0	0	0.931643167330316	0	0.931643167330316	0	0.931643167330316	0	0.931643167330316	136.944536149629	4.12422511612422	517.485705130838
"168"	"X4125020"	3334.25284576416	0	0.279175014946634	0.772199063330792	0.0753935621437122	0	0	0	0	0	0	0	0	0	134.316098497936	13.7187710942873	1282.9618175541
"173"	"X4147720"	8985.45532989502	30	0.267685933872272	0.883081976353348	0.132827433433259	0.340669930194645	0	0.224765835540864	0.238227690829442	0.803663456564952	0.238227690829442	0.56543576573551	0.340669930194645	0.462993526370306	142.544831476153	10.0157000166782	1126.30417496308
"177"	"X4132800"	3649.55575180054	52	0.0718049504712108	0.926036886983044	0.378665038146129	1.53458155359136	0	0.793675123265755	20.3556052949731	22.6838619718302	20.3556052949731	2.32825667685712	1.53458155359136	21.1492804182389	153.120984844607	3.88618460055925	986.526721172978
"178"	"X4215260"	3472.72413635254	0	0.0130321756869433	1.28792694444431	0.365388292861811	0.14405103661478	0.17605029682328	0.349207128477773	0	0.669308461915833	0.17605029682328	0.493258165092553	0.32010133343806	0.349207128477773	108.210522809749	2.66313867977123	800.860130817755
"180"	"X4207320"	11495.0379600525	0	0.00564880968165654	1.04650793485632	0.32795629057901	2.61946528401185	0	2.03395021600757	0	4.65341550001942	0	4.65341550001942	2.61946528401185	2.03395021600757	104.820098411092	2.66389577142396	841.67035999912
"184"	"X4208882"	4308.97887039185	0	0.0511892952893516	0.612452400390172	0.490147294704045	2.81671357505773	0	6.72411382631923	1.2331316701308	10.7739590715078	1.2331316701308	9.54082740137696	2.81671357505773	7.95724549645004	203.769350435149	-1.56138132298612	516.766549550106
"186"	"X4213134"	3749.1222038269	0	0.610556186126608	0.54831785536471	0.453280022579906	0	0	0.0581639079169585	27.0678507253647	27.1260146332817	27.0678507253647	0.0581639079169585	0	27.1260146332817	144.542493150387	1.63333158173483	561.315776890162
"187"	"X4103650"	5512.72435760498	0	0.0517908663431884	0.427893484829638	0.573590769632909	0	0	0.147084917581542	2.01465773111993	2.16174264870147	2.01465773111993	0.147084917581542	0	2.16174264870147	178.80281180621	-5.13965308907545	388.372657720178
"188"	"X4234700"	3741.02571105957	0	0.372308027414481	1.21882965587659	0.240375243757036	0	0	0.0978540212655155	6.22569769130235	6.32355171256786	6.22569769130235	0.0978540212655155	0	6.32355171256786	126.306069771604	6.4968241988236	1125.99973993855
"189"	"X4152700"	8843.29873657227	7	0.721801913274237	0.364714493343327	0.427950101891199	0.0954918787903451	0	0.15397339144814	1.8317169076369	2.08118217787539	1.8317169076369	0.249465270238485	0.0954918787903451	1.98569029908504	134.468144923631	3.20888858023319	557.830616546788
"191"	"X4125943"	3467.84113311768	8	0.287554815609792	0.82200024918474	0.0747510468900435	0.294150118377745	0	0.372895650646147	0	0.667045769023892	0	0.667045769023892	0.294150118377745	0.372895650646147	122.046206488951	13.5351574373465	1274.11996744871
"194"	"X4235300"	4370.17218399048	5	0.0541700427785203	1.0629669749223	0.18505915027646	0.430740824903568	0	0.0572015671482249	0	0.487942392051793	0	0.487942392051793	0.430740824903568	0.0572015671482249	132.646686271582	7.66926062265736	1074.6300876327
"195"	"X4215710"	3516.08723068237	0	0.126419238987586	0.772022439857694	0.509181842220496	0	0	0.0311994537011671	0	0.0311994537011671	0	0.0311994537011671	0	0.0311994537011671	104.660645722545	-0.0165740990187512	743.933983665652
"198"	"X4123082"	3629.02912139893	0	0.0829698773658172	1.0561124917801	0.04571112723917	0.0378281623752122	0	0	0	0.0378281623752122	0	0.0378281623752122	0.0378281623752122	0	123.606518795443	13.0144340626915	1330.35646942079
"199"	"X4208510"	4387.07470703125	0	0.000637564946628	0.882163187355895	0.518980392713991	0	0	0.351088464764769	0	0.351088464764769	0	0.351088464764769	0	0.351088464764769	102.423419248719	-2.07375411798122	530.604701717179
"201"	"X4232700"	4568.52872467041	0	0.0043582519929908	1.13242403716376	0.397587107077483	0	0	1.69019161219536	23.3533743906795	25.0435660028749	23.3533743906795	1.69019161219536	0	25.0435660028749	101.946401920754	1.20525317140645	881.838222226181
"204"	"X4207860"	16239.2681350708	20	0.023076839411364	1.11824609656516	0.286421226901252	3.26791191123902	0.0232923004359466	0.252010027911721	0	3.54321423958669	0.0232923004359466	3.51992193915074	3.29120421167496	0.252010027911721	110.03910804148	3.87848153907846	718.456799638644
"205"	"X4122180"	3658.62070465088	0	0.415597605307488	0.570133196450657	0.178709243178573	0	0	0.089718592399147	0	0.089718592399147	0	0.089718592399147	0	0.089718592399147	145	11.6927641203945	950.131131074819
"208"	"X4203850"	6874.02561569214	0	0.00929903157582557	0.846719430551159	0.49830470437638	8.29648780771941	0	1.96028964001601	0	10.2567774477354	0	10.2567774477354	8.29648780771941	1.96028964001601	107.375053093615	-1.82842068073493	556.766161111043
"209"	"X4115262"	4298.05310058594	41	0.36301766765092	1.02066695917618	0.118486368556944	1.01128391882527	0	0.16161810827094	9.26192966684759	10.4348316939438	9.26192966684759	1.17290202709621	1.01128391882527	9.42354777511853	192.691706734575	7.62151469406058	934.125866664015
"211"	"X4207830"	19599.9034309387	0	0.0170475796514335	1.07092663274869	0.361397462786662	0.991718113246069	0.315725892631564	1.81030863430317	0	3.1177526401808	0.315725892631564	2.80202674754924	1.30744400587763	1.81030863430317	110.63839476682	2.47718637269332	778.22139204717
"213"	"X4213531"	4304.28967285156	0	0.152832356974548	0.623919583906553	0.439485211748286	0	0	1.14800305724573	22.2277453175544	23.3757483748002	22.2277453175544	1.14800305724573	0	23.3757483748002	148.319492164636	0.748270023154227	504.861316255556
"214"	"X4134300"	5679.21932601929	10	0.710369435356164	0.771038277484757	0.233520676989223	0.34707319648003	0	0.55391773956694	10.6250092174042	11.5260001534512	10.6250092174042	0.90099093604697	0.34707319648003	11.1789269569711	162.372741385683	7.78267803346621	916.119997653424
"218"	"X4203210"	8212.29044342041	0	0.00058575352909298	0.583196804239771	0.598512625744305	0	0	0	0	0	0	0	0	0	140.652235281095	-6.98775708060996	403.374934546834
"219"	"X4133260"	5782.44943237305	0	0.492436335852991	0.800311911470569	0.294974987943189	0.0953675294024066	0	0.568001960747132	25.0230269279067	25.6863964180563	25.0230269279067	0.663369490149539	0.0953675294024066	25.5910288886539	140.575758897662	6.38577257720003	918.612354468472
"220"	"X4115235"	4415.15977478027	0	0.00967679649593	0.67199889172529	0.358155194571064	0	0	0.0387488800791089	1.84883540392446	1.88758428400357	1.84883540392446	0.0387488800791089	0	1.88758428400357	207.742212329816	3.65798870971082	550.023419563661
"221"	"X4152553"	10864.8146438599	0	2.00572809670134	0.277355138193406	0.432440011483295	0.462179948593014	0	0.40375684396541	9.88758664184617	10.7535234344046	9.88758664184617	0.865936792558424	0.462179948593014	10.2913434858116	129.862497074895	2.81804152786511	363.447073794115
"226"	"X4235100"	5819.44480895996	8	0.0744390937615542	1.06860006116918	0.216192977325396	0.148563416418505	0	0.498260920740504	0	0.646824337159009	0	0.646824337159009	0.148563416418505	0.498260920740504	123.245761147776	6.89053958440091	1009.40626334788
"227"	"X4116320"	5226.89819335938	0	0.0572340004524644	0.477938217212884	0.260131188821967	0	0	0	1.69088997956503	1.69088997956503	1.69088997956503	0	0	1.69088997956503	204	5.69294689372658	796.16835166764
"228"	"X4152300"	11287.3460845947	0	1.09994747608262	0.283361025655585	0.0553897910474508	0.0188628741729659	0	0.0819217623179037	1.83484087471004	1.93562551120091	1.83484087471004	0.10078463649087	0.0188628741729659	1.91676263702794	117.698058437634	12.5583851139481	551.389676065084
"230"	"X4208590"	5276.37741470337	0	0.00347891026749057	1.02035130532872	0.352096030175176	0	0.232856193689085	0.578933211930914	0	0.81178940562	0.232856193689085	0.578933211930914	0.232856193689085	0.578933211930914	131.016316022534	1.39107386430713	851.129177060687
"232"	"X4115240"	5741.51232528687	2	0.0365615615203734	0.33303262700039	0.0864829650633092	0.0520756171740211	0	0	0	0.0520756171740211	0	0.0520756171740211	0.0520756171740211	0	144.820673247117	9.79489871937272	489.591536674805
"235"	"X4123270"	4034.46061706543	0	0.0884693368139784	1.05691414139575	0.0920069522880495	0	0	0	0.496812897821873	0.496812897821873	0.496812897821873	0	0	0.496812897821873	126.390728660943	10.4272539174971	1211.92294694696
"236"	"X4213101"	4812.1082611084	22	0.751909174514	0.604687719191654	0.416058675144685	0.449049606364601	0	0.0231319401452775	20.5281594680208	21.0003410145307	20.5281594680208	0.472181546509878	0.449049606364601	20.5512914081661	132.367638646151	2.15581665765146	638.490701272619
"237"	"X4135205"	6581.25632858276	49	0.490558388181318	0.793463905734402	0.146936153202537	0.769590709283588	0	0.246486060033801	0.175212692925662	1.19128946224305	0.175212692925662	1.01607676931739	0.769590709283588	0.421698752959462	133.882986574309	10.0777657526642	1070.04698456248
"241"	"X4133500"	8928.02807617188	0	1.16178425921015	0.843488450577884	0.151177950213567	0.0786520614935196	0	1.30656833317847	31.2264457058136	32.6116661004856	31.2264457058136	1.38522039467199	0.0786520614935196	32.533014038992	137.247074090253	10.025566121296	1079.05804334567
"242"	"X4152660"	13457.1151275635	19	1.03761506734194	0.302359868390298	0.25682427708361	0.151019063348386	0	0.0400831885689319	0.115129099164711	0.306231351082029	0.115129099164711	0.191102251917318	0.151019063348386	0.155212287733643	113.956218881718	7.32394739701815	454.750200342036
"244"	"X4119325"	4177.92527008057	18	0.78590543572	0.774584514047316	0.139434132662491	0.437835847850286	0	0.828411535609089	0	1.26624738345938	0	1.26624738345938	0.437835847850286	0.828411535609089	153	11.2275484196826	1097.03151915936
"245"	"X4208500"	5704.28717803955	0	0.000858093749870644	0.837452860347962	0.451423342500759	0	0	0.514234412706211	0	0.514234412706211	0	0.514234412706211	0	0.514234412706211	111.723314789814	-0.381287721140986	540.02853385858
"247"	"X4132200"	9166.82261657715	58	0.0596723997818798	0.811976373340003	0.354919258023471	0.982460920169193	0	1.14598655154493	44.3310228014914	46.4594702732055	44.3310228014914	2.12844747171413	0.982460920169193	45.4770093530363	188.236016503628	4.35992940179352	863.030151471239
"248"	"X4116200"	6820.18134689331	0	0.282299999835264	0.385781355844838	0.0694953197567416	0	0	0.28923456638255	7.9580654600295	8.24730002641205	7.9580654600295	0.28923456638255	0	8.24730002641205	149.677058186534	10.0370805425507	511.328411568025
"252"	"X4125070"	4192.42702484131	33	1.45825998708	0.517709724543947	0.11367564310065	0.821368953032038	0	0.692630880219342	0	1.51399983325138	0	1.51399983325138	0.821368953032038	0.692630880219342	150	14.1375319528017	1020.26826639915
"253"	"X4213375"	5903.35455703735	42	0.0139586459461368	0.737760357424308	0.486236793463886	0.68929218829096	0	0.123323710790845	20.5443530502628	21.3569689493446	20.5443530502628	0.812615899081804	0.68929218829096	20.6676767610536	168.933292197087	-0.128019766189274	629.924159389101
"255"	"X4234400"	13264.5951271057	0	0.0601555060085131	1.13323602576283	0.29096135876291	8.21872216754235	0	2.95412220435753	11.7903244714741	22.963168843374	11.7903244714741	11.1728443718999	8.21872216754235	14.7444466758317	97.9481857885593	4.5631401271918	1040.00350257185
"256"	"X4215101"	7119.5948677063	0	0.161324179285015	0.570941816011982	0.318967549187871	4.60891403053411	0	1.10597338499187	0	5.71488741552599	0	5.71488741552599	4.60891403053411	1.10597338499187	136.000309064856	4.0436141430186	448.29660379014
"258"	"X4119252"	4213.0993270874	0	0.389951711406203	0.734415614548567	0.251994341932652	0	0	0.0893121366598967	14.251443046577	14.3407551832369	14.251443046577	0.0893121366598967	0	14.3407551832369	157.652460950051	8.61418513931011	1007.77001602742
"259"	"X4203051"	35832.4714374542	0	0.000307736845772186	0.554208821518157	0.646536566108018	0.229906342038586	0.234514089927734	0.262544816191338	8.48592083875355	9.21288608691121	8.72043492868129	0.492451158229924	0.46442043196632	8.74846565494489	123.179968481186	-8.91523240086428	313.895765915353
"261"	"X4123350"	4256.88889694214	1	0.143528155836233	1.11463640922595	0.22137892294654	0.0297278603608506	0	0.0445819712703717	0.014990901440729	0.0893007330719513	0.014990901440729	0.0743098316312223	0.0297278603608506	0.0595728727111007	162.940055917179	7.15756398567217	1227.406719876
"262"	"X4213956"	6743.82330322266	0	0.00757521042006121	0.903342758524936	0.3818536932454	7.30553665447226	0	7.61164612699296	29.3826569999931	44.2998397814584	29.3826569999931	14.9171827814652	7.30553665447226	36.9943031269861	132.605905497508	2.4501076103786	790.49197581729
"267"	"X4119322"	4263.4449005127	2	0.762048815755712	0.769060060690941	0.166932189486353	0.0454235469224565	0	0.121377054167433	0	0.166800601089889	0	0.166800601089889	0.0454235469224565	0.121377054167433	147.89761655422	10.6941393333476	1054.05417300527
"272"	"X4115102"	9171.45724868774	34	0.118351078732514	1.29284561380085	0.0600028676606537	0.409838844254782	0	0.618422024734461	3.46563722674481	4.49389809573405	3.46563722674481	1.02826086898924	0.409838844254782	4.08405925147927	159.337876232833	9.05681515503392	1522.38160232555
"274"	"X4208979"	7448.82618331909	0	0.00249068945370645	0.695271348189459	0.543044837763498	3.190061788225	0	12.8007878259345	0.420945414955442	16.4117950291149	0.420945414955442	15.9908496141595	3.190061788225	13.2217332408899	185.2399699427	-4.83775220561107	518.923250809014
"276"	"X4215660"	9302.97633361816	0	0.00336444078733758	1.11053196889091	0.494333248212003	0	0	0.406499176829455	0	0.406499176829455	0	0.406499176829455	0	0.406499176829455	120.413761811389	-0.42840176792982	601.573235556313
"278"	"X4122190"	4550.23681640625	0	0.129180544249455	0.690363658325721	0.183008039090073	0	0	0.0425783335399031	0	0.0425783335399031	0	0.0425783335399031	0	0.0425783335399031	145.714453117245	10.4827773737567	1025.57292466957
"279"	"X4208110"	7790.22805023193	0	0.000133601334992018	0.579427396296659	0.6101407992703	0	0	0.806971519200218	1.15538861029046	1.96236012949068	1.15538861029046	0.806971519200218	0	1.96236012949068	118.924916960854	-7.86299319547048	381.811262583261
"280"	"X4113305"	8990.23611068726	201	0.826305321874659	0.555439187436938	0.345420176152401	2.59623615276066	0	3.90782763828381	26.3947899218965	32.8988537129409	26.3947899218965	6.50406379104447	2.59623615276066	30.3026175601803	154.905006039379	5.65120192883319	740.548430510445
"282"	"X4116400"	9547.34615325928	104	0.672176685256507	0.435530568308114	0.229527074790866	1.09715752427588	0	0.329749974659174	3.94248981725122	5.36939731618627	3.94248981725122	1.42690749893505	1.09715752427588	4.27223979191039	163.630062200325	6.97170098182993	630.66491132453
"283"	"X4125565"	4581.55690002441	7	1.42618332579704	0.569024726052786	0.0427384637864776	0.181987899808988	0	0.394275668184199	5.42693740743281	6.003200975426	5.42693740743281	0.576263567993187	0.181987899808988	5.82121307561701	141.818059722742	16.4671208044759	1120.50032623728
"284"	"X4208260"	8587.62668609619	0	2.33342888430923e-05	0.787257112346738	0.536043976955498	0.0451868285890371	0.0502075873211524	0.232577374323282	0	0.327971790233472	0.0502075873211524	0.277764202912319	0.0953944159101895	0.232577374323282	117.690628284631	-3.83176209684588	518.497058245261
"286"	"X4215180"	9744.92774200439	0	0.00500771845197034	0.71369725873227	0.340814002869622	0	0	0.287305403519637	0.628162964815628	0.915468368335265	0.628162964815628	0.287305403519637	0	0.915468368335265	145.679510486807	3.68129493398925	532.804721631084
"287"	"X4208987"	8837.85785293579	0	0.000561074534830481	0.61666186993173	0.503210811253423	1.25009350464144	0	5.66359943887378	3.63867340462846	10.5523663481437	3.63867340462846	6.91369294351523	1.25009350464144	9.30227284350224	220.577086926689	-2.36758625242115	493.910588202203
"291"	"X4127400"	4686.39352416992	0	0.0700821402139818	0.96198713260739	0.0368847515369803	0	0	0.0147017955273466	6.96738342559155	6.98208522111889	6.96738342559155	0.0147017955273466	0	6.98208522111889	129.131687512006	15.1056593521015	1421.05674152199
"293"	"X4213563"	11278.5672569275	16	0.750432884118102	0.559149499251345	0.419824185045241	0.149176110717267	0	0.333493782023884	33.1344022187637	33.6170721115048	33.1344022187637	0.482669892741151	0.149176110717267	33.4678960007875	144.465334891869	2.03015747810895	562.115619253218
"295"	"X4215706"	12316.202293396	0	0.0227609853719553	0.818281553114617	0.462609304774693	0.371336801599368	0.362429729519728	0.315130246353222	0	1.04889677747232	0.362429729519728	0.68646704795259	0.733766531119096	0.315130246353222	120.404149682986	0.398691572382373	501.129024682728
"296"	"X4125080"	4700.43822479248	0	0.289223383615	0.436581885923771	0.0864012778527162	0	0	0.0869505109577603	0	0.0869505109577603	0	0.0869505109577603	0	0.0869505109577603	149.104024771704	15.1805342134575	939.524421284072
"299"	"X4115220"	13072.8089599609	0	0.0758709897008693	0.363334319847305	0.181773491409515	0	0	0.00922704509769788	0.117010618295121	0.126237663392819	0.117010618295121	0.00922704509769788	0	0.126237663392819	166.564111767434	7.17550658343259	478.366849435716
"300"	"X4122255"	4799.17218780518	5	0.121772208578136	0.727028245582523	0.183582121832559	0.121092446476173	0	0.121515416760866	0	0.242607863237039	0	0.242607863237039	0.121092446476173	0.121515416760866	147.677856786243	10.1953674097777	1061.88538132911
"301"	"X4213510"	11894.9335670471	0	0.0171167145422474	0.508255708918313	0.428222880722237	0	0	1.10487812853685	40.1461360705175	41.2510141990544	40.1461360705175	1.10487812853685	0	41.2510141990544	177.895946025456	1.08591915302521	483.722022653967
"302"	"X4116191"	14029.0218238831	166	3.72112080705906	0.484870825903696	0.444745488132852	1.23777750484853	0	0.485303999535111	2.85272231441561	4.57580381879926	2.85272231441561	1.72308150438364	1.23777750484853	3.33802631395072	132.25065744454	2.49944798217562	691.124909456721
"307"	"X4113321"	10368.0701675415	1141	0.2568266909125	0.622095046461056	0.357716295925869	11.0269344808022	0	0.465367697649006	28.4274849011731	39.9197870796244	28.4274849011731	11.4923021784512	11.0269344808022	28.8928525988222	212.989864025749	4.21237681994588	692.853016876368
"308"	"X4115349"	15794.7260665894	12	0.353792919237228	0.338131146475449	0.275499352789101	0.0973314260208556	0	0.125776229667857	3.33405391779138	3.5571615734801	3.33405391779138	0.223107655688713	0.0973314260208556	3.45983014745924	130.168541836834	5.63908840244246	435.266940499136
"309"	"X4119315"	5176.15229797363	0	0.77214720704978	0.829789841786416	0.145559273523257	0	0	0.0872994358479319	0	0.0872994358479319	0	0.0872994358479319	0	0.0872994358479319	148.984952785681	10.5534496831119	1069.08781648457
"310"	"X4208734"	10872.915561676	2	0.0514394732872624	0.878171529791187	0.482342565560433	0.603405083462391	0.0421744648190517	0.394876894832043	0	1.04045644311349	0.0421744648190517	0.998281978294434	0.645579548281443	0.394876894832043	90.4655681419428	-0.486434180133224	553.281944063286
"312"	"X4208120"	11031.8906288147	0	1.39355991754256e-05	0.64176553975688	0.654939281537232	0	0	0.0594322620853767	0.75114297245106	0.810575234536436	0.75114297245106	0.0594322620853767	0	0.810575234536436	114.146209032475	-9.67758839481956	344.506541777404
"313"	"X4115400"	12944.0744667053	125	0.250465397866056	0.629899047761609	0.146151514655675	1.02956758553701	0	0.421854719972437	2.31232661460391	3.76374892011335	2.31232661460391	1.45142230550944	1.02956758553701	2.73418133457634	184.685545356214	7.68626829301986	805.601257378107
"318"	"X4208596"	11333.5580101013	0	0.0680982658303783	0.654203911963855	0.385662662138653	0	0	0.340901164464451	0	0.340901164464451	0	0.340901164464451	0	0.340901164464451	135.862612597117	1.58092492046587	585.110941425035
"321"	"X4122250"	5487.2829284668	1	0.122928626246338	0.688489045476357	0.168881156786418	0.035821935292311	0	0.0836135856941104	0	0.119435520986421	0	0.119435520986421	0.035821935292311	0.0836135856941104	147.8443939747	10.9661730583058	1052.24806489072
"322"	"X4208645"	11395.7424354553	0	0.072134760406385	0.57443451655175	0.376683405808578	0	0	1.29361829386584	24.3027094210144	25.5963277148802	24.3027094210144	1.29361829386584	0	25.5963277148802	147.760416989109	2.47828601327461	629.751109717453
"329"	"X4119430"	5849.40242385864	3	0.093247016562116	0.853767536526983	0.296707312941396	0.0521675690883182	0	0.177123580401816	5.97383588439754	6.20312703388767	5.97383588439754	0.229291149490134	0.0521675690883182	6.15095946479936	124.45338651768	6.76005336701428	963.097238934885
"331"	"X4125910"	5929.68221282959	0	0.246793598798366	0.811713342828913	0.0622875105695653	0	0	0	0	0	0	0	0	0	121	13.9414997827515	1246.61007772586
"332"	"X4208290"	12125.701423645	0	0.00157115289240051	0.807011109658899	0.56794705728807	1.35969800178752	0.508661104008991	1.50863131271079	0	3.3769904185073	0.508661104008991	2.86832931449831	1.86835910579651	1.50863131271079	108.691147088755	-4.90379612539796	548.351818054139
"333"	"X4119170"	6003.06690979004	0	0.0798291929081606	0.782577416932379	0.217576499700496	0	0	0.0840145903407889	0.0743157801269657	0.158330370467755	0.0743157801269657	0.0840145903407889	0	0.158330370467755	154.53116421054	9.21800424029081	1044.15426147086
"334"	"X4208570"	12323.4155960083	0	0.00664773957639435	0.814957629483657	0.385154922814613	0	0	0.214821727353692	0	0.214821727353692	0	0.214821727353692	0	0.214821727353692	121.902899555294	1.01067491278543	703.589745398294
"336"	"X4119311"	6033.90479660034	0	0.764600793893539	0.867251315866255	0.15285618100932	0	0	0.223447813329976	21.7408007331041	21.9642485464341	21.7408007331041	0.223447813329976	0	21.9642485464341	136.633627238436	10.0917048314837	1108.79530870042
"339"	"X4119317"	6076.02094268799	0	0.804175609950175	0.810244097054361	0.192385765801334	0.289120844103658	0	1.6575159089436	0.0821445489111358	2.02878130195839	0.0821445489111358	1.94663675304726	0.289120844103658	1.73966045785474	147.49647134813	9.00920462911051	1018.64791338782
"342"	"X4120125"	6167.4298286438	25	5.27440660110128	0.358633805596472	0.417956307728282	0.415478381855355	0	0	0	0.415478381855355	0	0.415478381855355	0.415478381855355	0	120.561271900411	3.38420653671972	378.089799173465
"347"	"X4208565"	14964.5433731079	0	0.123267357299476	0.578150760191971	0.424900768467227	0	0	0.166631167784045	20.4837931507154	20.6504243184995	20.4837931507154	0.166631167784045	0	20.6504243184995	191.040168835949	0.645994647194516	500.216313412058
"350"	"X4123277"	6446.68852996826	0	0.0905320916639166	0.982371340313795	0.0692457654579967	0.0423814490106982	0	0.0105953622526746	0	0.0529768112633728	0	0.0529768112633728	0.0423814490106982	0.0105953622526746	125.395716964825	11.4390482001517	1210.72795449793
"353"	"X4123206"	6468.38465881348	1	0.236730159122	0.902220974966392	0.102581338648283	0.0307313823348035	0	0	0	0.0307313823348035	0	0.0307313823348035	0.0307313823348035	0	131.946979343642	11.5206266509964	1221.18923434513
"357"	"X4208221"	15770.7069511414	0	0.000198566947159885	0.86611109903831	0.621579226768847	0.574462492921021	0.587272533712402	0.276711339720613	0.0205932807296906	1.45903964708373	0.607865814442092	0.851173832641634	1.16173502663342	0.297304620450303	114	-7.11192960907855	612.445817172311
"362"	"X4208360"	20189.3503646851	0	0.0134290126018702	0.791540514950439	0.506750949595101	0.879222008070685	0.980595885134248	0.253623493372878	10.7480720416429	12.8615134282207	11.7286679267771	1.13284550144356	1.85981789320493	11.0016955350157	143.934356300239	-1.17091294042089	487.449336627571
"364"	"X4119290"	7046.06141662598	58	0.0274021151891026	0.751735583686062	0.138629469153167	0.842283715712995	0	0.0839289285670348	0	0.92621264428003	0	0.92621264428003	0.842283715712995	0.0839289285670348	138.891801478405	12.0152341179252	1159.28848374308
"369"	"X4119070"	7367.48961257935	16	0.700814041898331	0.63775145965307	0.309949179558867	0.286575851386604	0	3.49790472169509	33.3780171085771	37.1624976816588	33.3780171085771	3.7844805730817	0.286575851386604	36.8759218302722	148.3630243284	7.10787937368769	890.517186400921
"376"	"X4123111"	8014.86128234863	5	0.226118444271423	0.84346930072518	0.0890214377529677	0.115900271504342	0	0.281959116364624	0.00840909094673446	0.4062684788157	0.00840909094673446	0.397859387868966	0.115900271504342	0.290368207311358	141.237050114209	12.905450927615	1198.28100611091
"378"	"X4122280"	8135.73582458496	0	0.0835659421989398	0.776801377345062	0.0704898694479812	0	0	0	0	0	0	0	0	0	121	13.7465011901961	1226.62220726984
"380"	"X4122271"	8295.48990631104	61	0.168162954788997	0.656369316985549	0.108397275576317	0.757364513682326	0	0.620340665815951	2.0519253508008	3.42963053029908	2.0519253508008	1.37770517949828	0.757364513682326	2.67226601661675	144.934581752179	13.5508839616849	1101.19519062856
"387"	"X4119201"	8728.84539413452	66	1.46958882674771	0.774489968724907	0.234883740261762	1.49263037626473	0.337803007062301	1.88143916040925	16.4251051453133	20.1369776890496	16.7629081523756	3.37406953667398	1.83043338332703	18.3065443057226	141.086058279747	8.08940300035647	1004.83164259604
"389"	"X4121341"	8764.37530899048	0	0.405014716577861	0.607233524048809	0.295726642372233	0	0	0.737274653171959	7.45926594358561	8.19654059675757	7.45926594358561	0.737274653171959	0	8.19654059675757	152.694427701223	7.87325747643246	888.094461931311
"391"	"X4123230"	9304.04671478271	7	0.0615701212571475	0.835034590927721	0.116433973208017	0.0845073547112908	0	0.0632081175110379	1.56407866977871	1.71179414200104	1.56407866977871	0.147715472222329	0.0845073547112908	1.62728678728975	131	10.6009534786042	1107.90544615665
"392"	"X4120952"	9510.35302352905	0	1.84657323441554	0.543472280992219	0.413818908312102	3.34336623859032	0	0.0448328778444347	1.15474112228583	4.54294023872058	1.15474112228583	3.38819911643475	3.34336623859032	1.19957400013026	128.95927060815	3.04151468357201	589.008920248171
"394"	"X4125025"	9516.63541412354	58	0.332279905900847	0.559235454060941	0.128587660231475	0.620117064472634	0	0.69027239871518	0.528777901978939	1.83916736516675	0.528777901978939	1.31038946318781	0.620117064472634	1.21905030069412	148.835528309198	13.4181505942697	1007.56489702135
"396"	"X4127100"	10237.857963562	0	0.0460454290969153	0.763912708790013	0.0892952731972838	0.0197196226574309	0	0.13170766933035	0	0.151427291987781	0	0.151427291987781	0.0197196226574309	0.13170766933035	124.543239640821	13.2058691460818	1220.43529497821
"399"	"X4119270"	10565.2822570801	0	0.0451576302451836	0.728040025491851	0.186152379584213	0.0121735511901106	0.0121735511901106	0.0724328504774605	0	0.0967799528576817	0.0121735511901106	0.0846064016675711	0.0243471023802211	0.0724328504774605	146.24493566883	10.2111647435859	1050.64282833478
"401"	"X4123201"	10793.3085327148	25	0.236730159122	0.895383230285466	0.105010893443682	0.256050808480078	0	0.262143630798766	0.30778368914112	0.825978128419964	0.30778368914112	0.518194439278844	0.256050808480078	0.569927319939886	124.352075926548	11.6954589994733	1207.81821351766
"402"	"X4125903"	11468.2927322388	191	0.243591113472221	0.785231751932049	0.0443711464957126	1.65303084780251	0	0.095202311386754	0	1.74823315918926	0	1.74823315918926	1.65303084780251	0.095202311386754	118.129551911943	14.6902426412669	1265.61709232203
"403"	"X4123260"	11632.436050415	46	0.322308008221264	0.819543228870546	0.111880835621594	0.56784811781307	0.124915126003549	0.382636956215826	0.36794923865596	1.4433494386884	0.492864364659509	0.950485074028896	0.692763243816619	0.750586194871786	130.943127993188	10.6272914560198	1080.8446749555
"412"	"X4119452"	14078.1855697632	60	0.474841646310019	0.882761913520959	0.338712947795663	1.54854884550517	0.709601669245732	1.81164216429058	27.0847474313426	31.1545401103841	27.7943491005884	3.36019100979574	2.2581505147509	28.8963895956332	139.898147902398	5.04507938910387	916.441387572198
"416"	"X4119101"	16014.6525840759	707	0.598883764948874	0.734037694259168	0.344604009860797	5.00880562944679	0	4.36574790250931	33.2912725769737	42.6658261089298	33.2912725769737	9.3745535319561	5.00880562944679	37.657020479483	181.63040118961	4.93123274170642	791.377569980825
"417"	"X4119080"	16086.0534248352	37	0.263931616591137	0.795363991051507	0.314072358434196	0.499392074423228	0.326314462048716	1.81426214736267	36.9587466357798	39.5987153196144	37.2850610978285	2.31365422178589	0.825706536471945	38.7730087831424	142.316456549657	6.16099266493221	897.524152593588
"418"	"X4125050"	16874.1150360107	152	0.167185765799705	0.607902188579817	0.0783879160263011	0.909089233351659	0	0.415015683471313	0	1.32410491682297	0	1.32410491682297	0.909089233351659	0.415015683471313	145.457670689134	14.5252476283675	1138.90979386105
"423"	"X4123131"	19496.5109481812	30	0.261962679924964	0.850739476026783	0.135575726317223	0.186365672259263	0	0.451723594422572	3.16802376346038	3.80611303014221	3.16802376346038	0.638089266681836	0.186365672259263	3.61974735788295	132.127577738236	10.4736571466685	1136.76087645653
"426"	"X4119264"	15223.3937416077	3	0.38340078977984	0.75763112979627	0.238337520383948	0.78899961922147	0.709457716685384	0.131889841862722	0.861187972967581	2.49153515073716	1.57064568965296	0.920889461084192	1.49845733590685	0.993077814830302	153.684235884414	8.8006899929354	1030.95439621612
"435"	"X4119440"	8815.13541793823	9	0.31086907713367	0.801060498630473	0.301447563671937	0.661389460197684	0.399157910573998	0.961995916905112	13.4915574501466	15.5141007378234	13.8907153607206	1.6233853771028	1.06054737077168	14.4535533670517	127.603256443259	6.75912219798741	931.89078132952
"446"	"X4120903"	11677.9948768616	64	1.18730326510191	0.469166903990499	0.33708162137251	0.559542674879747	0	0.216353657209446	0.316775477426011	1.0926718095152	0.316775477426011	0.775896332089193	0.559542674879747	0.533129134635457	133.620709706419	4.82679261115762	621.327511679732
"455"	"X4123063"	55229.3508911133	726	0.0878424867911029	1.07415721526499	0.0383269235781934	1.36484660907513	0.0538679602039252	0.362868139603863	0	1.78158270888291	0.0538679602039252	1.72771474867899	1.41871456927905	0.362868139603863	127.716090986513	12.8969106581261	1388.77296489939
"457"	"X4120200"	62393.4108009338	36	1.25694354176586	0.267942867306195	0.3534045248149	0.0604242731360319	0	0.29119220390237	23.8766607255647	24.2282772026031	23.8766607255647	0.351616477038402	0.0604242731360319	24.1678529294671	144.596840830186	5.06271308665583	373.438362941842
